
# Surface 0 of 1 surfaces

# Curve title: "'contourTest.dat' using 1:2:3"
# Contour 0, label:        3
-2.11413 -1.47031  3 
-2.11777 -1.48621  3 
-2.12142 -1.50211  3 
-2.12508 -1.51801  3 
-2.12876 -1.5339  3 
-2.13246 -1.54979  3 
-2.13617 -1.56567  3 
-2.13988 -1.58156  3 
-2.14359 -1.59744  3 
-2.14729 -1.61333  3 
-2.151 -1.62921  3 
-2.15469 -1.6451  3 
-2.15839 -1.66099  3 
-2.16208 -1.67688  3 
-2.16576 -1.69277  3 
-2.16945 -1.70866  3 
-2.17314 -1.72455  3 
-2.17682 -1.74044  3 
-2.18051 -1.75633  3 
-2.18421 -1.77222  3 
-2.18792 -1.7881  3 
-2.19163 -1.80399  3 
-2.19535 -1.81987  3 
-2.19903 -1.83576  3 
-2.20264 -1.85167  3 
-2.20619 -1.86759  3 
-2.20971 -1.88352  3 
-2.21321 -1.89945  3 
-2.21673 -1.91538  3 
-2.22026 -1.93131  3 
-2.22379 -1.94723  3 
-2.22734 -1.96315  3 
-2.23089 -1.97907  3 
-2.23444 -1.99499  3 
-2.23799 -2.01091  3 
-2.24153 -2.02684  3 
-2.24508 -2.04276  3 
-2.24861 -2.05868  3 
-2.25215 -2.07461  3 
-2.25568 -2.09053  3 
-2.25921 -2.10646  3 
-2.26273 -2.12239  3 
-2.26626 -2.13831  3 
-2.26979 -2.15424  3 
-2.27333 -2.17016  3 
-2.27688 -2.18608  3 
-2.28045 -2.202  3 
-2.28403 -2.21791  3 
-2.28762 -2.23383  3 
-2.29118 -2.24975  3 
-2.29471 -2.26567  3 
-2.2982 -2.28161  3 
-2.30161 -2.29756  3 
-2.305 -2.31352  3 
-2.30839 -2.32947  3 
-2.31179 -2.34543  3 
-2.31518 -2.36138  3 
-2.31858 -2.37734  3 
-2.32198 -2.39329  3 
-2.32537 -2.40924  3 
-2.32877 -2.4252  3 
-2.33216 -2.44116  3 
-2.33556 -2.45711  3 
-2.33895 -2.47307  3 
-2.34234 -2.48902  3 
-2.34574 -2.50498  3 
-2.34914 -2.52093  3 
-2.35253 -2.53688  3 
-2.35593 -2.55284  3 
-2.35933 -2.56879  3 
-2.36272 -2.58475  3 
-2.36611 -2.60071  3 
-2.36949 -2.61666  3 
-2.37288 -2.63262  3 
-2.37627 -2.64858  3 
-2.37966 -2.66453  3 
-2.38306 -2.68049  3 
-2.38647 -2.69644  3 
-2.38989 -2.71239  3 
-2.39331 -2.72834  3 
-2.39671 -2.74429  3 
-2.40005 -2.76026  3 
-2.40334 -2.77624  3 
-2.40659 -2.79222  3 
-2.40983 -2.80821  3 
-2.41308 -2.82419  3 
-2.41634 -2.84018  3 
-2.4196 -2.85616  3 
-2.42287 -2.87214  3 
-2.42614 -2.88812  3 
-2.42941 -2.9041  3 
-2.43268 -2.92008  3 
-2.43594 -2.93607  3 
-2.4392 -2.95205  3 
-2.44247 -2.96803  3 
-2.44572 -2.98402  3 
-2.44898 -3  3 

-1.70967  0.0760906  3 
-1.71415  0.0604053  3 
-1.71864  0.0447211  3 
-1.72312  0.0290376  3 
-1.72761  0.0133546  3 
-1.73209 -0.00232837  3 
-1.73658 -0.0180115  3 
-1.74107 -0.0336949  3 
-1.74555 -0.0493789  3 
-1.75003 -0.0650636  3 
-1.75451 -0.0807491  3 
-1.75898 -0.0964356  3 
-1.76345 -0.112123  3 
-1.76792 -0.127811  3 
-1.77239 -0.143499  3 
-1.77687 -0.159185  3 
-1.78135 -0.174869  3 
-1.78585 -0.190549  3 
-1.79037 -0.206224  3 
-1.79487 -0.221901  3 
-1.79933 -0.237594  3 
-1.80368 -0.253314  3 
-1.80795 -0.269059  3 
-1.81216 -0.284816  3 
-1.81637 -0.300577  3 
-1.82059 -0.316334  3 
-1.82484 -0.332084  3 
-1.82909 -0.347831  3 
-1.83336 -0.363576  3 
-1.83763 -0.379319  3 
-1.8419 -0.395061  3 
-1.84617 -0.410806  3 
-1.85043 -0.426551  3 
-1.85469 -0.442298  3 
-1.85895 -0.458046  3 
-1.8632 -0.473794  3 
-1.86745 -0.489543  3 
-1.8717 -0.505291  3 
-1.87595 -0.52104  3 
-1.8802 -0.536788  3 
-1.88446 -0.552536  3 
-1.88871 -0.568283  3 
-1.89297 -0.584029  3 
-1.89724 -0.599774  3 
-1.90148 -0.615525  3 
-1.90563 -0.631301  3 
-1.9097 -0.647096  3 
-1.91372 -0.662906  3 
-1.91771 -0.678723  3 
-1.9217 -0.694541  3 
-1.9257 -0.710354  3 
-1.92973 -0.72616  3 
-1.93378 -0.741962  3 
-1.93785 -0.75776  3 
-1.94191 -0.773557  3 
-1.94598 -0.789354  3 
-1.95004 -0.805153  3 
-1.95409 -0.820954  3 
-1.95814 -0.836756  3 
-1.96218 -0.852559  3 
-1.96623 -0.868362  3 
-1.97028 -0.884162  3 
-1.97435 -0.89996  3 
-1.97843 -0.915754  3 
-1.98251 -0.931547  3 
-1.98659 -0.947341  3 
-1.99065 -0.96314  3 
-1.99469 -0.978945  3 
-1.99869 -0.994759  3 
-2.00264 -1.01059  3 
-2.00654 -1.02642  3 
-2.01042 -1.04227  3 
-2.01426 -1.05812  3 
-2.0181 -1.07398  3 
-2.02193 -1.08983  3 
-2.02577 -1.10569  3 
-2.02962 -1.12154  3 
-2.03348 -1.13739  3 
-2.03735 -1.15323  3 
-2.04122 -1.16908  3 
-2.04509 -1.18492  3 
-2.04897 -1.20077  3 
-2.05284 -1.21662  3 
-2.05671 -1.23246  3 
-2.06057 -1.24831  3 
-2.06444 -1.26416  3 
-2.0683 -1.28001  3 
-2.07216 -1.29586  3 
-2.07602 -1.3117  3 
-2.07988 -1.32755  3 
-2.08375 -1.3434  3 
-2.08761 -1.35925  3 
-2.09148 -1.3751  3 
-2.09535 -1.39094  3 
-2.09922 -1.40679  3 
-2.10304 -1.42265  3 
-2.10679 -1.43852  3 
-2.11047 -1.45441  3 
-2.11413 -1.47031  3 

-1.18857  1.58649  3 
-1.19509  1.57153  3 
-1.20146  1.55652  3 
-1.20764  1.54142  3 
-1.21369  1.52627  3 
-1.21966  1.51109  3 
-1.22561  1.4959  3 
-1.23158  1.48072  3 
-1.23759  1.46556  3 
-1.24363  1.4504  3 
-1.2497  1.43526  3 
-1.2558  1.42014  3 
-1.26195  1.40502  3 
-1.26813  1.38993  3 
-1.27432  1.37483  3 
-1.28049  1.35973  3 
-1.28658  1.3446  3 
-1.29258  1.32943  3 
-1.29842  1.3142  3 
-1.30411  1.29891  3 
-1.30976  1.28361  3 
-1.31543  1.26831  3 
-1.3211  1.25302  3 
-1.32677  1.23772  3 
-1.33244  1.22243  3 
-1.3381  1.20713  3 
-1.34376  1.19183  3 
-1.3494  1.17653  3 
-1.35504  1.16122  3 
-1.36069  1.14592  3 
-1.36636  1.13062  3 
-1.37204  1.11533  3 
-1.37776  1.10005  3 
-1.3835  1.08478  3 
-1.38923  1.06951  3 
-1.39488  1.05421  3 
-1.4004  1.03886  3 
-1.40578  1.02346  3 
-1.41106  1.00802  3 
-1.41633  0.992585  3 
-1.42162  0.977156  3 
-1.42694  0.961733  3 
-1.43226  0.946316  3 
-1.4376  0.9309  3 
-1.44293  0.915484  3 
-1.44825  0.900066  3 
-1.45356  0.884643  3 
-1.45887  0.869216  3 
-1.46417  0.85379  3 
-1.46947  0.838365  3 
-1.4748  0.822945  3 
-1.48014  0.807532  3 
-1.48551  0.792128  3 
-1.49088  0.776724  3 
-1.49619  0.7613  3 
-1.50138  0.745839  3 
-1.50644  0.730331  3 
-1.51142  0.714796  3 
-1.51637  0.699252  3 
-1.52134  0.683716  3 
-1.52634  0.668188  3 
-1.53135  0.652665  3 
-1.53637  0.637145  3 
-1.5414  0.621626  3 
-1.54642  0.606106  3 
-1.55142  0.590581  3 
-1.55642  0.575053  3 
-1.56141  0.559523  3 
-1.5664  0.543994  3 
-1.57141  0.528469  3 
-1.57643  0.512949  3 
-1.58148  0.497438  3 
-1.58655  0.481932  3 
-1.5916  0.46642  3 
-1.59658  0.450887  3 
-1.60145  0.435319  3 
-1.6062  0.419715  3 
-1.61089  0.404092  3 
-1.61559  0.38847  3 
-1.62031  0.372855  3 
-1.62504  0.357244  3 
-1.62978  0.341637  3 
-1.63453  0.32603  3 
-1.63927  0.310421  3 
-1.64399  0.294809  3 
-1.64871  0.279194  3 
-1.65342  0.263577  3 
-1.65814  0.247961  3 
-1.66286  0.232348  3 
-1.66761  0.216741  3 
-1.67238  0.201141  3 
-1.67718  0.185551  3 
-1.68199  0.169963  3 
-1.68678  0.154369  3 
-1.69152  0.138761  3 
-1.69618  0.123128  3 
-1.70073  0.107464  3 
-1.7052  0.0917773  3 
-1.70967  0.0760906  3 

-0.314286  2.9  3 
-0.328485  2.89168  3 
-0.342376  2.88298  3 
-0.355957  2.8739  3 
-0.36923  2.86443  3 
-0.382195  2.85458  3 
-0.39485  2.84435  3 
-0.407202  2.83374  3 
-0.419329  2.82284  3 
-0.431373  2.81183  3 
-0.443474  2.80087  3 
-0.455736  2.79007  3 
-0.468063  2.77936  3 
-0.480299  2.76856  3 
-0.492284  2.75752  3 
-0.503865  2.74607  3 
-0.515012  2.73419  3 
-0.525895  2.72204  3 
-0.536699  2.70979  3 
-0.547608  2.69763  3 
-0.558712  2.68565  3 
-0.569888  2.67375  3 
-0.580982  2.66179  3 
-0.591841  2.64964  3 
-0.602315  2.63716  3 
-0.612367  2.62433  3 
-0.622207  2.61131  3 
-0.632074  2.5983  3 
-0.642127  2.58543  3 
-0.652303  2.57266  3 
-0.662503  2.55992  3 
-0.672628  2.54712  3 
-0.682577  2.5342  3 
-0.692252  2.52109  3 
-0.701555  2.5077  3 
-0.710565  2.4941  3 
-0.719558  2.48049  3 
-0.728558  2.46688  3 
-0.737574  2.45329  3 
-0.746612  2.43971  3 
-0.755681  2.42615  3 
-0.764786  2.41262  3 
-0.773937  2.39911  3 
-0.78311  2.38562  3 
-0.792189  2.37206  3 
-0.801033  2.35836  3 
-0.809561  2.34446  3 
-0.817847  2.33041  3 
-0.825988  2.31627  3 
-0.834087  2.30211  3 
-0.842232  2.28797  3 
-0.850437  2.27387  3 
-0.858691  2.2598  3 
-0.866982  2.24575  3 
-0.875296  2.23172  3 
-0.883622  2.21769  3 
-0.891946  2.20366  3 
-0.900227  2.18961  3 
-0.908244  2.17541  3 
-0.915992  2.16106  3 
-0.923547  2.1466  3 
-0.930986  2.13208  3 
-0.938384  2.11753  3 
-0.945817  2.103  3 
-0.953352  2.08853  3 
-0.96098  2.07411  3 
-0.968658  2.05971  3 
-0.976342  2.04532  3 
-0.983991  2.03091  3 
-0.991561  2.01647  3 
-0.999008  2.00196  3 
-1.0063  1.98737  3 
-1.01345  1.97271  3 
-1.02048  1.958  3 
-1.02744  1.94324  3 
-1.03434  1.92846  3 
-1.04123  1.91367  3 
-1.04814  1.89889  3 
-1.05509  1.88413  3 
-1.06207  1.86938  3 
-1.06908  1.85465  3 
-1.07611  1.83994  3 
-1.08315  1.82522  3 
-1.0902  1.81051  3 
-1.09725  1.7958  3 
-1.10417  1.78103  3 
-1.11088  1.76617  3 
-1.11742  1.75122  3 
-1.12384  1.73622  3 
-1.13019  1.72119  3 
-1.13653  1.70616  3 
-1.1429  1.69114  3 
-1.14932  1.67614  3 
-1.15579  1.66117  3 
-1.1623  1.64621  3 
-1.16884  1.63127  3 
-1.1754  1.61634  3 
-1.18199  1.60141  3 
-1.18857  1.58649  3 

 1.1754  1.61634  3 
 1.16884  1.63127  3 
 1.1623  1.64621  3 
 1.15579  1.66117  3 
 1.14932  1.67614  3 
 1.1429  1.69114  3 
 1.13653  1.70616  3 
 1.13019  1.72119  3 
 1.12384  1.73622  3 
 1.11742  1.75122  3 
 1.11088  1.76617  3 
 1.10417  1.78103  3 
 1.09725  1.7958  3 
 1.0902  1.81051  3 
 1.08315  1.82522  3 
 1.07611  1.83994  3 
 1.06908  1.85465  3 
 1.06207  1.86938  3 
 1.05509  1.88413  3 
 1.04814  1.89889  3 
 1.04123  1.91367  3 
 1.03434  1.92846  3 
 1.02744  1.94324  3 
 1.02048  1.958  3 
 1.01345  1.97271  3 
 1.0063  1.98737  3 
 0.999008  2.00196  3 
 0.991561  2.01647  3 
 0.983991  2.03091  3 
 0.976343  2.04532  3 
 0.968658  2.05971  3 
 0.96098  2.0741  3 
 0.953352  2.08853  3 
 0.945818  2.103  3 
 0.938384  2.11753  3 
 0.930986  2.13208  3 
 0.923548  2.1466  3 
 0.915992  2.16106  3 
 0.908244  2.17541  3 
 0.900227  2.18961  3 
 0.891947  2.20366  3 
 0.883622  2.21769  3 
 0.875296  2.23172  3 
 0.866982  2.24575  3 
 0.858692  2.2598  3 
 0.850437  2.27387  3 
 0.842232  2.28797  3 
 0.834088  2.3021  3 
 0.825989  2.31627  3 
 0.817847  2.33041  3 
 0.809562  2.34446  3 
 0.801033  2.35836  3 
 0.792189  2.37206  3 
 0.783111  2.38562  3 
 0.773937  2.39911  3 
 0.764787  2.41262  3 
 0.755681  2.42615  3 
 0.746613  2.43971  3 
 0.737574  2.45329  3 
 0.728559  2.46688  3 
 0.719558  2.48049  3 
 0.710566  2.4941  3 
 0.701555  2.5077  3 
 0.692253  2.52108  3 
 0.682578  2.5342  3 
 0.672628  2.54712  3 
 0.662503  2.55992  3 
 0.652303  2.57266  3 
 0.642127  2.58543  3 
 0.632074  2.5983  3 
 0.622207  2.61131  3 
 0.612367  2.62433  3 
 0.602315  2.63716  3 
 0.591842  2.64963  3 
 0.580982  2.66179  3 
 0.569888  2.67375  3 
 0.558713  2.68565  3 
 0.547609  2.69763  3 
 0.5367  2.70979  3 
 0.525896  2.72204  3 
 0.515013  2.73419  3 
 0.503865  2.74607  3 
 0.492285  2.75752  3 
 0.480299  2.76856  3 
 0.468064  2.77936  3 
 0.455736  2.79007  3 
 0.443474  2.80087  3 
 0.431373  2.81183  3 
 0.41933  2.82284  3 
 0.407202  2.83374  3 
 0.394851  2.84435  3 
 0.382195  2.85458  3 
 0.369231  2.86443  3 
 0.355958  2.8739  3 
 0.342376  2.88298  3 
 0.328486  2.89168  3 
 0.314286  2.9  3 

 1.70073  0.107464  3 
 1.69618  0.123128  3 
 1.69152  0.13876  3 
 1.68678  0.154369  3 
 1.68199  0.169963  3 
 1.67718  0.18555  3 
 1.67238  0.201141  3 
 1.66761  0.21674  3 
 1.66286  0.232347  3 
 1.65814  0.24796  3 
 1.65342  0.263576  3 
 1.64871  0.279193  3 
 1.64399  0.294809  3 
 1.63927  0.31042  3 
 1.63453  0.326029  3 
 1.62978  0.341636  3 
 1.62504  0.357244  3 
 1.62031  0.372854  3 
 1.61559  0.388469  3 
 1.61089  0.404091  3 
 1.6062  0.419714  3 
 1.60145  0.435319  3 
 1.59658  0.450887  3 
 1.5916  0.466419  3 
 1.58655  0.481931  3 
 1.58148  0.497437  3 
 1.57643  0.512948  3 
 1.57141  0.528468  3 
 1.5664  0.543993  3 
 1.56141  0.559522  3 
 1.55642  0.575052  3 
 1.55142  0.59058  3 
 1.54642  0.606105  3 
 1.5414  0.621626  3 
 1.53637  0.637145  3 
 1.53135  0.652664  3 
 1.52634  0.668187  3 
 1.52134  0.683715  3 
 1.51637  0.699252  3 
 1.51142  0.714795  3 
 1.50644  0.730331  3 
 1.50138  0.745838  3 
 1.49619  0.7613  3 
 1.49088  0.776723  3 
 1.48551  0.792127  3 
 1.48014  0.807531  3 
 1.4748  0.822944  3 
 1.46947  0.838364  3 
 1.46417  0.853789  3 
 1.45887  0.869216  3 
 1.45356  0.884642  3 
 1.44825  0.900065  3 
 1.44293  0.915484  3 
 1.4376  0.9309  3 
 1.43226  0.946315  3 
 1.42694  0.961733  3 
 1.42162  0.977155  3 
 1.41633  0.992585  3 
 1.41106  1.00802  3 
 1.40578  1.02346  3 
 1.4004  1.03886  3 
 1.39488  1.05421  3 
 1.38923  1.06951  3 
 1.3835  1.08478  3 
 1.37776  1.10005  3 
 1.37204  1.11533  3 
 1.36636  1.13062  3 
 1.36069  1.14592  3 
 1.35504  1.16122  3 
 1.3494  1.17653  3 
 1.34376  1.19183  3 
 1.3381  1.20713  3 
 1.33244  1.22243  3 
 1.32677  1.23772  3 
 1.3211  1.25302  3 
 1.31543  1.26831  3 
 1.30976  1.28361  3 
 1.30411  1.29891  3 
 1.29842  1.3142  3 
 1.29258  1.32943  3 
 1.28658  1.3446  3 
 1.28049  1.35973  3 
 1.27432  1.37483  3 
 1.26813  1.38993  3 
 1.26195  1.40502  3 
 1.2558  1.42014  3 
 1.2497  1.43526  3 
 1.24363  1.4504  3 
 1.23759  1.46556  3 
 1.23158  1.48072  3 
 1.22561  1.4959  3 
 1.21966  1.51109  3 
 1.21369  1.52627  3 
 1.20764  1.54142  3 
 1.20146  1.55652  3 
 1.19509  1.57153  3 
 1.18857  1.58649  3 
 1.18199  1.60141  3 
 1.1754  1.61634  3 

 2.10679 -1.43852  3 
 2.10304 -1.42265  3 
 2.09922 -1.40679  3 
 2.09535 -1.39094  3 
 2.09148 -1.3751  3 
 2.08761 -1.35925  3 
 2.08375 -1.3434  3 
 2.07988 -1.32755  3 
 2.07602 -1.31171  3 
 2.07216 -1.29586  3 
 2.0683 -1.28001  3 
 2.06444 -1.26416  3 
 2.06057 -1.24831  3 
 2.05671 -1.23246  3 
 2.05284 -1.21662  3 
 2.04897 -1.20077  3 
 2.0451 -1.18493  3 
 2.04122 -1.16908  3 
 2.03735 -1.15323  3 
 2.03348 -1.13739  3 
 2.02962 -1.12154  3 
 2.02577 -1.10569  3 
 2.02193 -1.08983  3 
 2.0181 -1.07398  3 
 2.01426 -1.05812  3 
 2.01042 -1.04227  3 
 2.00654 -1.02642  3 
 2.00264 -1.01059  3 
 1.99869 -0.99476  3 
 1.99469 -0.978945  3 
 1.99065 -0.96314  3 
 1.98659 -0.947342  3 
 1.98251 -0.931548  3 
 1.97843 -0.915755  3 
 1.97435 -0.89996  3 
 1.97028 -0.884163  3 
 1.96623 -0.868362  3 
 1.96218 -0.85256  3 
 1.95814 -0.836757  3 
 1.95409 -0.820954  3 
 1.95004 -0.805153  3 
 1.94598 -0.789355  3 
 1.94191 -0.773558  3 
 1.93785 -0.757761  3 
 1.93378 -0.741963  3 
 1.92973 -0.726161  3 
 1.9257 -0.710354  3 
 1.9217 -0.694541  3 
 1.91771 -0.678723  3 
 1.91372 -0.662906  3 
 1.9097 -0.647097  3 
 1.90563 -0.631301  3 
 1.90148 -0.615526  3 
 1.89724 -0.599775  3 
 1.89297 -0.58403  3 
 1.88871 -0.568284  3 
 1.88446 -0.552537  3 
 1.8802 -0.536789  3 
 1.87595 -0.521041  3 
 1.8717 -0.505292  3 
 1.86745 -0.489543  3 
 1.8632 -0.473795  3 
 1.85895 -0.458046  3 
 1.85469 -0.442299  3 
 1.85043 -0.426552  3 
 1.84617 -0.410806  3 
 1.8419 -0.395062  3 
 1.83763 -0.379319  3 
 1.83336 -0.363576  3 
 1.82909 -0.347832  3 
 1.82484 -0.332085  3 
 1.82059 -0.316334  3 
 1.81637 -0.300578  3 
 1.81216 -0.284817  3 
 1.80795 -0.269059  3 
 1.80368 -0.253315  3 
 1.79933 -0.237595  3 
 1.79487 -0.221902  3 
 1.79037 -0.206225  3 
 1.78585 -0.190549  3 
 1.78135 -0.174869  3 
 1.77687 -0.159186  3 
 1.77239 -0.1435  3 
 1.76792 -0.127812  3 
 1.76345 -0.112124  3 
 1.75898 -0.0964362  3 
 1.75451 -0.0807497  3 
 1.75003 -0.0650642  3 
 1.74555 -0.0493795  3 
 1.74107 -0.0336955  3 
 1.73658 -0.0180121  3 
 1.73209 -0.00232898  3 
 1.72761  0.013354  3 
 1.72312  0.029037  3 
 1.71864  0.0447205  3 
 1.71415  0.0604047  3 
 1.70967  0.07609  3 
 1.7052  0.0917766  3 
 1.70073  0.107464  3 

 2.44898 -3  3 
 2.44572 -2.98402  3 
 2.44247 -2.96803  3 
 2.4392 -2.95205  3 
 2.43594 -2.93607  3 
 2.43268 -2.92008  3 
 2.42941 -2.9041  3 
 2.42614 -2.88812  3 
 2.42287 -2.87214  3 
 2.4196 -2.85616  3 
 2.41634 -2.84018  3 
 2.41308 -2.82419  3 
 2.40983 -2.80821  3 
 2.40659 -2.79222  3 
 2.40334 -2.77624  3 
 2.40005 -2.76026  3 
 2.39671 -2.74429  3 
 2.39331 -2.72834  3 
 2.38989 -2.71239  3 
 2.38647 -2.69644  3 
 2.38306 -2.68049  3 
 2.37966 -2.66453  3 
 2.37627 -2.64858  3 
 2.37288 -2.63262  3 
 2.36949 -2.61666  3 
 2.36611 -2.60071  3 
 2.36272 -2.58475  3 
 2.35933 -2.5688  3 
 2.35593 -2.55284  3 
 2.35253 -2.53689  3 
 2.34914 -2.52093  3 
 2.34574 -2.50498  3 
 2.34234 -2.48902  3 
 2.33895 -2.47307  3 
 2.33556 -2.45711  3 
 2.33216 -2.44116  3 
 2.32877 -2.4252  3 
 2.32537 -2.40925  3 
 2.32198 -2.39329  3 
 2.31858 -2.37734  3 
 2.31518 -2.36138  3 
 2.31179 -2.34543  3 
 2.30839 -2.32947  3 
 2.305 -2.31352  3 
 2.30161 -2.29756  3 
 2.2982 -2.28161  3 
 2.29471 -2.26567  3 
 2.29118 -2.24975  3 
 2.28762 -2.23383  3 
 2.28403 -2.21792  3 
 2.28045 -2.202  3 
 2.27688 -2.18608  3 
 2.27333 -2.17016  3 
 2.26979 -2.15424  3 
 2.26626 -2.13831  3 
 2.26273 -2.12239  3 
 2.25921 -2.10646  3 
 2.25568 -2.09053  3 
 2.25215 -2.07461  3 
 2.24861 -2.05868  3 
 2.24508 -2.04276  3 
 2.24153 -2.02684  3 
 2.23799 -2.01092  3 
 2.23444 -1.99499  3 
 2.23089 -1.97907  3 
 2.22734 -1.96315  3 
 2.22379 -1.94723  3 
 2.22026 -1.93131  3 
 2.21673 -1.91538  3 
 2.21321 -1.89945  3 
 2.20971 -1.88352  3 
 2.20619 -1.86759  3 
 2.20264 -1.85167  3 
 2.19903 -1.83576  3 
 2.19535 -1.81987  3 
 2.19163 -1.80399  3 
 2.18792 -1.7881  3 
 2.18421 -1.77222  3 
 2.18051 -1.75633  3 
 2.17682 -1.74044  3 
 2.17314 -1.72455  3 
 2.16945 -1.70866  3 
 2.16576 -1.69277  3 
 2.16208 -1.67688  3 
 2.15839 -1.66099  3 
 2.15469 -1.6451  3 
 2.151 -1.62921  3 
 2.1473 -1.61333  3 
 2.14359 -1.59744  3 
 2.13988 -1.58156  3 
 2.13617 -1.56567  3 
 2.13246 -1.54979  3 
 2.12876 -1.5339  3 
 2.12508 -1.51801  3 
 2.12142 -1.50211  3 
 2.11777 -1.48621  3 
 2.11413 -1.47031  3 
 2.11048 -1.45441  3 
 2.10679 -1.43852  3 


# Contour 1, label:        2
-2.1857 -2.77861  2 
-2.18939 -2.7944  2 
-2.19308 -2.81018  2 
-2.19677 -2.82596  2 
-2.2004 -2.84176  2 
-2.20397 -2.85757  2 
-2.20748 -2.8734  2 
-2.21097 -2.88923  2 
-2.21445 -2.90506  2 
-2.21794 -2.92089  2 
-2.22144 -2.93672  2 
-2.22495 -2.95254  2 
-2.22847 -2.96836  2 
-2.23201 -2.98418  2 
-2.23556 -3  2 

-1.79941 -1.23789  2 
-1.80373 -1.25351  2 
-1.80797 -1.26916  2 
-1.81216 -1.28482  2 
-1.81634 -1.30048  2 
-1.82054 -1.31613  2 
-1.82476 -1.33179  2 
-1.82899 -1.34743  2 
-1.83323 -1.36308  2 
-1.83747 -1.37872  2 
-1.84172 -1.39437  2 
-1.84596 -1.41001  2 
-1.85019 -1.42566  2 
-1.85442 -1.44131  2 
-1.85865 -1.45696  2 
-1.86288 -1.4726  2 
-1.8671 -1.48825  2 
-1.87132 -1.5039  2 
-1.87555 -1.51955  2 
-1.87977 -1.5352  2 
-1.884 -1.55085  2 
-1.88823 -1.5665  2 
-1.89246 -1.58215  2 
-1.8967 -1.59779  2 
-1.90092 -1.61344  2 
-1.90506 -1.62912  2 
-1.90911 -1.64481  2 
-1.91311 -1.66052  2 
-1.91708 -1.67623  2 
-1.92104 -1.69195  2 
-1.92502 -1.70767  2 
-1.92902 -1.72338  2 
-1.93304 -1.73908  2 
-1.93708 -1.75478  2 
-1.94112 -1.77048  2 
-1.94516 -1.78617  2 
-1.9492 -1.80187  2 
-1.95323 -1.81757  2 
-1.95725 -1.83328  2 
-1.96127 -1.84898  2 
-1.96529 -1.86468  2 
-1.96931 -1.88039  2 
-1.97335 -1.89608  2 
-1.9774 -1.91178  2 
-1.98146 -1.92747  2 
-1.98551 -1.94317  2 
-1.98956 -1.95887  2 
-1.99357 -1.97457  2 
-1.99756 -1.99028  2 
-2.0015 -2.006  2 
-2.00539 -2.02174  2 
-2.00925 -2.03748  2 
-2.01308 -2.05323  2 
-2.01689 -2.06899  2 
-2.0207 -2.08475  2 
-2.02451 -2.1005  2 
-2.02833 -2.11625  2 
-2.03217 -2.132  2 
-2.03601 -2.14775  2 
-2.03986 -2.1635  2 
-2.04371 -2.17924  2 
-2.04756 -2.19499  2 
-2.0514 -2.21074  2 
-2.05525 -2.22648  2 
-2.05909 -2.24223  2 
-2.06293 -2.25798  2 
-2.06677 -2.27373  2 
-2.07061 -2.28948  2 
-2.07444 -2.30522  2 
-2.07828 -2.32097  2 
-2.08212 -2.33672  2 
-2.08596 -2.35247  2 
-2.0898 -2.36822  2 
-2.09364 -2.38397  2 
-2.09749 -2.39971  2 
-2.10132 -2.41546  2 
-2.10507 -2.43123  2 
-2.10876 -2.44702  2 
-2.11241 -2.46281  2 
-2.11603 -2.47861  2 
-2.11965 -2.49441  2 
-2.12328 -2.51021  2 
-2.12693 -2.526  2 
-2.1306 -2.54179  2 
-2.13428 -2.55758  2 
-2.13796 -2.57336  2 
-2.14165 -2.58915  2 
-2.14534 -2.60493  2 
-2.14902 -2.62072  2 
-2.15269 -2.63651  2 
-2.15637 -2.65229  2 
-2.16003 -2.66808  2 
-2.1637 -2.68387  2 
-2.16736 -2.69966  2 
-2.17103 -2.71545  2 
-2.17469 -2.73124  2 
-2.17835 -2.74703  2 
-2.18202 -2.76282  2 
-2.1857 -2.77861  2 

-1.31336  0.273892  2 
-1.31899  0.258693  2 
-1.32463  0.243495  2 
-1.33027  0.228297  2 
-1.3359  0.213097  2 
-1.34152  0.197894  2 
-1.34713  0.182686  2 
-1.35274  0.167478  2 
-1.35835  0.15227  2 
-1.36397  0.137067  2 
-1.36961  0.121869  2 
-1.37527  0.106682  2 
-1.38097  0.0915051  2 
-1.38667  0.0763308  2 
-1.39233  0.0611397  2 
-1.39789  0.0459127  2 
-1.40329  0.0306322  2 
-1.40857  0.0153067  2 
-1.41381 -3.60165e-05  2 
-1.41905 -0.0153729  2 
-1.42433 -0.0307015  2 
-1.42961 -0.0460241  2 
-1.43491 -0.0613434  2 
-1.44021 -0.0766617  2 
-1.44551 -0.0919816  2 
-1.45079 -0.107306  2 
-1.45607 -0.122633  2 
-1.46133 -0.137963  2 
-1.4666 -0.153292  2 
-1.47188 -0.168618  2 
-1.47718 -0.183938  2 
-1.4825 -0.199251  2 
-1.48784 -0.214556  2 
-1.49316 -0.229869  2 
-1.49839 -0.245209  2 
-1.5035 -0.260593  2 
-1.50848 -0.276017  2 
-1.51341 -0.29146  2 
-1.51833 -0.306904  2 
-1.52329 -0.32234  2 
-1.52826 -0.337768  2 
-1.53324 -0.353191  2 
-1.53824 -0.368613  2 
-1.54323 -0.384035  2 
-1.54821 -0.399459  2 
-1.55318 -0.414887  2 
-1.55814 -0.430319  2 
-1.5631 -0.445751  2 
-1.56807 -0.461181  2 
-1.57305 -0.476607  2 
-1.57805 -0.492027  2 
-1.58307 -0.507438  2 
-1.58811 -0.522847  2 
-1.59311 -0.538266  2 
-1.59803 -0.55371  2 
-1.60283 -0.569192  2 
-1.60753 -0.584706  2 
-1.61219 -0.600231  2 
-1.61686 -0.615753  2 
-1.62156 -0.631268  2 
-1.62626 -0.64678  2 
-1.63098 -0.662289  2 
-1.63569 -0.677798  2 
-1.6404 -0.693309  2 
-1.64509 -0.708824  2 
-1.64978 -0.724342  2 
-1.65446 -0.73986  2 
-1.65914 -0.755378  2 
-1.66384 -0.770891  2 
-1.66856 -0.786399  2 
-1.67331 -0.801898  2 
-1.67809 -0.817389  2 
-1.68286 -0.83288  2 
-1.68762 -0.848378  2 
-1.69231 -0.863892  2 
-1.69693 -0.87943  2 
-1.70143 -0.895001  2 
-1.70587 -0.91059  2 
-1.71032 -0.926178  2 
-1.71477 -0.941764  2 
-1.71923 -0.95735  2 
-1.72369 -0.972935  2 
-1.72814 -0.988519  2 
-1.7326 -1.0041  2 
-1.73706 -1.01969  2 
-1.74152 -1.03527  2 
-1.74597 -1.05086  2 
-1.75043 -1.06644  2 
-1.75488 -1.08203  2 
-1.75932 -1.09762  2 
-1.76376 -1.11321  2 
-1.7682 -1.1288  2 
-1.77265 -1.14439  2 
-1.77709 -1.15997  2 
-1.78155 -1.17556  2 
-1.78602 -1.19114  2 
-1.79051 -1.20672  2 
-1.79499 -1.2223  2 
-1.79941 -1.23789  2 

-0.572689  1.67075  2 
-0.583671  1.65883  2 
-0.594385  1.64669  2 
-0.604686  1.6342  2 
-0.614605  1.62139  2 
-0.624368  1.60844  2 
-0.634208  1.59554  2 
-0.644232  1.58278  2 
-0.654357  1.5701  2 
-0.664486  1.55743  2 
-0.674521  1.5447  2 
-0.684365  1.53183  2 
-0.69392  1.51875  2 
-0.703094  1.50539  2 
-0.712036  1.49187  2 
-0.720972  1.47835  2 
-0.729918  1.46483  2 
-0.73888  1.45133  2 
-0.747865  1.43784  2 
-0.756881  1.42437  2 
-0.765935  1.41092  2 
-0.775034  1.3975  2 
-0.784146  1.38409  2 
-0.793148  1.37061  2 
-0.801905  1.35697  2 
-0.810352  1.34314  2 
-0.818568  1.32917  2 
-0.826651  1.31511  2 
-0.8347  1.30104  2 
-0.842797  1.28699  2 
-0.850955  1.27298  2 
-0.85916  1.259  2 
-0.8674  1.24504  2 
-0.875663  1.2311  2 
-0.883936  1.21716  2 
-0.892208  1.20322  2 
-0.900432  1.18925  2 
-0.908392  1.17514  2 
-0.916088  1.16088  2 
-0.923594  1.14651  2 
-0.930986  1.13208  2 
-0.938337  1.11762  2 
-0.945723  1.10319  2 
-0.953209  1.0888  2 
-0.960787  1.07447  2 
-0.968416  1.06016  2 
-0.976053  1.04586  2 
-0.983656  1.03155  2 
-0.991182  1.0172  2 
-0.998591  1.00278  2 
-1.00584  0.988294  2 
-1.01295  0.97373  2 
-1.01995  0.95911  2 
-1.02687  0.944448  2 
-1.03374  0.929761  2 
-1.04058  0.915064  2 
-1.04744  0.900374  2 
-1.05434  0.885703  2 
-1.06128  0.871051  2 
-1.06824  0.856414  2 
-1.07522  0.841787  2 
-1.08222  0.827167  2 
-1.08923  0.812549  2 
-1.09623  0.79793  2 
-1.10314  0.783269  2 
-1.10984  0.76851  2 
-1.11636  0.75367  2 
-1.12275  0.738773  2 
-1.12907  0.723843  2 
-1.13537  0.708901  2 
-1.14169  0.693972  2 
-1.14806  0.679066  2 
-1.15448  0.664182  2 
-1.16094  0.649316  2 
-1.16744  0.634464  2 
-1.17396  0.619624  2 
-1.18049  0.604791  2 
-1.18704  0.589961  2 
-1.19354  0.575111  2 
-1.19991  0.560208  2 
-1.2061  0.545227  2 
-1.21214  0.530184  2 
-1.21808  0.515102  2 
-1.224  0.500008  2 
-1.22993  0.484921  2 
-1.23589  0.469847  2 
-1.24188  0.454785  2 
-1.2479  0.439737  2 
-1.25396  0.424701  2 
-1.26005  0.40968  2 
-1.26618  0.394673  2 
-1.27233  0.379675  2 
-1.27847  0.364671  2 
-1.28456  0.349646  2 
-1.29056  0.334586  2 
-1.29642  0.319475  2 
-1.30212  0.3043  2 
-1.30773  0.289094  2 
-1.31336  0.273892  2 

 0.712036  1.49187  2 
 0.703095  1.50539  2 
 0.693921  1.51875  2 
 0.684366  1.53183  2 
 0.674522  1.5447  2 
 0.664487  1.55743  2 
 0.654358  1.5701  2 
 0.644233  1.58278  2 
 0.634209  1.59554  2 
 0.624369  1.60844  2 
 0.614606  1.62139  2 
 0.604687  1.6342  2 
 0.594385  1.64669  2 
 0.583672  1.65883  2 
 0.57269  1.67075  2 
 0.561591  1.68258  2 
 0.550525  1.69445  2 
 0.539635  1.70649  2 
 0.528894  1.71866  2 
 0.518123  1.73078  2 
 0.507136  1.74268  2 
 0.495751  1.75418  2 
 0.483925  1.76523  2 
 0.47181  1.77599  2 
 0.459572  1.78665  2 
 0.447379  1.79737  2 
 0.43537  1.8083  2 
 0.423461  1.81932  2 
 0.411452  1.8302  2 
 0.399143  1.8407  2 
 0.386399  1.85066  2 
 0.373288  1.86015  2 
 0.359924  1.86934  2 
 0.346418  1.87835  2 
 0.332884  1.88733  2 
 0.319434  1.89643  2 
 0.306151  1.90573  2 
 0.292732  1.91481  2 
 0.278916  1.92326  2 
 0.26474  1.93113  2 
 0.250257  1.93847  2 
 0.235514  1.94534  2 
 0.220565  1.95179  2 
 0.205457  1.95789  2 
 0.190239  1.96367  2 
 0.174929  1.96915  2 
 0.159522  1.97429  2 
 0.144012  1.97904  2 
 0.128396  1.98337  2 
 0.112668  1.98725  2 
 0.0968231  1.99064  2 
 0.080864  1.9935  2 
 0.0648078  1.99584  2 
 0.048674  1.99766  2 
 0.0324819  1.99896  2 
 0.0162509  1.99974  2 
 5.68876e-07  2  2 
-0.0162498  1.99974  2 
-0.0324807  1.99896  2 
-0.0486728  1.99766  2 
-0.0648067  1.99584  2 
-0.0808629  1.9935  2 
-0.0968219  1.99064  2 
-0.112667  1.98725  2 
-0.128395  1.98337  2 
-0.144011  1.97904  2 
-0.159521  1.97429  2 
-0.174928  1.96915  2 
-0.190238  1.96368  2 
-0.205456  1.95789  2 
-0.220563  1.95179  2 
-0.235513  1.94534  2 
-0.250256  1.93847  2 
-0.264739  1.93113  2 
-0.278915  1.92326  2 
-0.292731  1.91481  2 
-0.30615  1.90574  2 
-0.319433  1.89643  2 
-0.332883  1.88733  2 
-0.346417  1.87835  2 
-0.359923  1.86934  2 
-0.373287  1.86015  2 
-0.386398  1.85066  2 
-0.399143  1.8407  2 
-0.411451  1.8302  2 
-0.42346  1.81932  2 
-0.435369  1.8083  2 
-0.447378  1.79737  2 
-0.459571  1.78665  2 
-0.471809  1.77599  2 
-0.483924  1.76523  2 
-0.49575  1.75418  2 
-0.507135  1.74268  2 
-0.518122  1.73078  2 
-0.528893  1.71866  2 
-0.539634  1.70649  2 
-0.550524  1.69445  2 
-0.56159  1.68258  2 
-0.572689  1.67075  2 

 1.39233  0.0611387  2 
 1.38667  0.0763298  2 
 1.38097  0.0915041  2 
 1.37527  0.106681  2 
 1.36961  0.121868  2 
 1.36397  0.137065  2 
 1.35835  0.152269  2 
 1.35274  0.167477  2 
 1.34713  0.182685  2 
 1.34152  0.197893  2 
 1.3359  0.213096  2 
 1.33027  0.228296  2 
 1.32463  0.243494  2 
 1.31899  0.258692  2 
 1.31336  0.273891  2 
 1.30773  0.289093  2 
 1.30212  0.304299  2 
 1.29642  0.319474  2 
 1.29056  0.334585  2 
 1.28456  0.349645  2 
 1.27848  0.364669  2 
 1.27234  0.379674  2 
 1.26618  0.394672  2 
 1.26005  0.409679  2 
 1.25396  0.4247  2 
 1.2479  0.439736  2 
 1.24188  0.454784  2 
 1.23589  0.469846  2 
 1.22993  0.48492  2 
 1.224  0.500007  2 
 1.21808  0.515101  2 
 1.21214  0.530183  2 
 1.2061  0.545226  2 
 1.19991  0.560207  2 
 1.19354  0.57511  2 
 1.18704  0.58996  2 
 1.18049  0.60479  2 
 1.17396  0.619623  2 
 1.16744  0.634463  2 
 1.16094  0.649315  2 
 1.15448  0.664181  2 
 1.14806  0.679065  2 
 1.14169  0.693971  2 
 1.13537  0.7089  2 
 1.12907  0.723842  2 
 1.12275  0.738772  2 
 1.11636  0.753669  2 
 1.10984  0.768508  2 
 1.10314  0.783268  2 
 1.09623  0.797928  2 
 1.08923  0.812548  2 
 1.08222  0.827166  2 
 1.07523  0.841786  2 
 1.06824  0.856413  2 
 1.06128  0.87105  2 
 1.05434  0.885702  2 
 1.04744  0.900373  2 
 1.04058  0.915063  2 
 1.03374  0.92976  2 
 1.02687  0.944447  2 
 1.01995  0.959109  2 
 1.01296  0.973729  2 
 1.00584  0.988293  2 
 0.998591  1.00278  2 
 0.991183  1.01719  2 
 0.983656  1.03155  2 
 0.976053  1.04586  2 
 0.968417  1.06016  2 
 0.960788  1.07447  2 
 0.95321  1.0888  2 
 0.945724  1.10318  2 
 0.938338  1.11762  2 
 0.930986  1.13208  2 
 0.923595  1.14651  2 
 0.916089  1.16088  2 
 0.908393  1.17514  2 
 0.900433  1.18925  2 
 0.892208  1.20322  2 
 0.883937  1.21716  2 
 0.875663  1.2311  2 
 0.8674  1.24504  2 
 0.85916  1.259  2 
 0.850955  1.27298  2 
 0.842798  1.28699  2 
 0.8347  1.30104  2 
 0.826652  1.31511  2 
 0.818568  1.32917  2 
 0.810353  1.34314  2 
 0.801906  1.35697  2 
 0.793148  1.37061  2 
 0.784146  1.38409  2 
 0.775034  1.3975  2 
 0.765936  1.41092  2 
 0.756882  1.42436  2 
 0.747866  1.43783  2 
 0.738881  1.45132  2 
 0.729919  1.46483  2 
 0.720973  1.47835  2 
 0.712036  1.49187  2 

 1.85865 -1.45696  2 
 1.85442 -1.44131  2 
 1.85019 -1.42566  2 
 1.84596 -1.41001  2 
 1.84172 -1.39437  2 
 1.83747 -1.37872  2 
 1.83323 -1.36308  2 
 1.82899 -1.34744  2 
 1.82476 -1.33179  2 
 1.82054 -1.31614  2 
 1.81634 -1.30048  2 
 1.81216 -1.28482  2 
 1.80797 -1.26916  2 
 1.80373 -1.25351  2 
 1.79941 -1.23789  2 
 1.79499 -1.2223  2 
 1.79051 -1.20672  2 
 1.78602 -1.19114  2 
 1.78155 -1.17556  2 
 1.7771 -1.15997  2 
 1.77265 -1.14439  2 
 1.7682 -1.1288  2 
 1.76376 -1.11321  2 
 1.75932 -1.09762  2 
 1.75488 -1.08203  2 
 1.75043 -1.06645  2 
 1.74597 -1.05086  2 
 1.74152 -1.03527  2 
 1.73706 -1.01969  2 
 1.7326 -1.0041  2 
 1.72814 -0.98852  2 
 1.72369 -0.972936  2 
 1.71923 -0.957351  2 
 1.71477 -0.941765  2 
 1.71032 -0.926179  2 
 1.70588 -0.910591  2 
 1.70143 -0.895002  2 
 1.69693 -0.879431  2 
 1.69231 -0.863893  2 
 1.68762 -0.848379  2 
 1.68286 -0.832881  2 
 1.67809 -0.817391  2 
 1.67331 -0.801899  2 
 1.66856 -0.7864  2 
 1.66384 -0.770892  2 
 1.65915 -0.755379  2 
 1.65446 -0.739861  2 
 1.64978 -0.724343  2 
 1.64509 -0.708825  2 
 1.6404 -0.69331  2 
 1.63569 -0.677799  2 
 1.63098 -0.66229  2 
 1.62626 -0.646781  2 
 1.62156 -0.63127  2 
 1.61687 -0.615754  2 
 1.61219 -0.600233  2 
 1.60753 -0.584707  2 
 1.60283 -0.569193  2 
 1.59803 -0.553711  2 
 1.59311 -0.538267  2 
 1.58811 -0.522848  2 
 1.58308 -0.507439  2 
 1.57805 -0.492028  2 
 1.57305 -0.476608  2 
 1.56807 -0.461182  2 
 1.5631 -0.445752  2 
 1.55814 -0.43032  2 
 1.55318 -0.414888  2 
 1.54821 -0.39946  2 
 1.54323 -0.384036  2 
 1.53824 -0.368614  2 
 1.53325 -0.353193  2 
 1.52826 -0.337769  2 
 1.52329 -0.322341  2 
 1.51833 -0.306905  2 
 1.51341 -0.291461  2 
 1.50848 -0.276018  2 
 1.5035 -0.260594  2 
 1.49839 -0.24521  2 
 1.49316 -0.22987  2 
 1.48784 -0.214557  2 
 1.4825 -0.199252  2 
 1.47718 -0.183939  2 
 1.47188 -0.168619  2 
 1.4666 -0.153293  2 
 1.46133 -0.137964  2 
 1.45607 -0.122635  2 
 1.45079 -0.107307  2 
 1.44551 -0.0919827  2 
 1.44021 -0.0766628  2 
 1.43491 -0.0613445  2 
 1.42962 -0.0460252  2 
 1.42433 -0.0307026  2 
 1.41905 -0.015374  2 
 1.41381 -3.70904e-05  2 
 1.40857  0.0153056  2 
 1.40329  0.0306311  2 
 1.39789  0.0459116  2 
 1.39233  0.0611387  2 

 2.23556 -3  2 
 2.23201 -2.98418  2 
 2.22847 -2.96836  2 
 2.22495 -2.95254  2 
 2.22144 -2.93672  2 
 2.21794 -2.92089  2 
 2.21445 -2.90506  2 
 2.21097 -2.88923  2 
 2.20748 -2.8734  2 
 2.20397 -2.85757  2 
 2.2004 -2.84176  2 
 2.19677 -2.82597  2 
 2.19308 -2.81018  2 
 2.18939 -2.7944  2 
 2.1857 -2.77861  2 
 2.18202 -2.76282  2 
 2.17835 -2.74704  2 
 2.17469 -2.73125  2 
 2.17103 -2.71546  2 
 2.16736 -2.69966  2 
 2.1637 -2.68387  2 
 2.16003 -2.66808  2 
 2.15637 -2.6523  2 
 2.15269 -2.63651  2 
 2.14902 -2.62072  2 
 2.14534 -2.60493  2 
 2.14165 -2.58915  2 
 2.13796 -2.57336  2 
 2.13428 -2.55758  2 
 2.1306 -2.54179  2 
 2.12693 -2.526  2 
 2.12328 -2.51021  2 
 2.11965 -2.49441  2 
 2.11603 -2.47861  2 
 2.11241 -2.46281  2 
 2.10876 -2.44702  2 
 2.10507 -2.43123  2 
 2.10132 -2.41546  2 
 2.09749 -2.39971  2 
 2.09364 -2.38397  2 
 2.0898 -2.36822  2 
 2.08596 -2.35247  2 
 2.08212 -2.33672  2 
 2.07828 -2.32097  2 
 2.07444 -2.30523  2 
 2.07061 -2.28948  2 
 2.06677 -2.27373  2 
 2.06293 -2.25798  2 
 2.05909 -2.24223  2 
 2.05525 -2.22648  2 
 2.0514 -2.21074  2 
 2.04756 -2.19499  2 
 2.04371 -2.17924  2 
 2.03986 -2.1635  2 
 2.03601 -2.14775  2 
 2.03217 -2.132  2 
 2.02833 -2.11625  2 
 2.02451 -2.1005  2 
 2.0207 -2.08475  2 
 2.01689 -2.06899  2 
 2.01308 -2.05323  2 
 2.00925 -2.03748  2 
 2.00539 -2.02174  2 
 2.0015 -2.00601  2 
 1.99756 -1.99028  2 
 1.99357 -1.97457  2 
 1.98956 -1.95887  2 
 1.98551 -1.94317  2 
 1.98146 -1.92747  2 
 1.9774 -1.91178  2 
 1.97335 -1.89609  2 
 1.96931 -1.88039  2 
 1.96529 -1.86468  2 
 1.96127 -1.84898  2 
 1.95725 -1.83328  2 
 1.95323 -1.81758  2 
 1.9492 -1.80187  2 
 1.94516 -1.78617  2 
 1.94112 -1.77048  2 
 1.93708 -1.75478  2 
 1.93304 -1.73908  2 
 1.92902 -1.72338  2 
 1.92502 -1.70767  2 
 1.92104 -1.69195  2 
 1.91708 -1.67624  2 
 1.91311 -1.66052  2 
 1.90911 -1.64481  2 
 1.90506 -1.62912  2 
 1.90092 -1.61344  2 
 1.8967 -1.59779  2 
 1.89246 -1.58215  2 
 1.88823 -1.5665  2 
 1.884 -1.55085  2 
 1.87977 -1.5352  2 
 1.87555 -1.51955  2 
 1.87132 -1.50391  2 
 1.8671 -1.48826  2 
 1.86288 -1.47261  2 
 1.85865 -1.45696  2 


# Contour 2, label:      1.5
-1.91954 -2.186  1.5 
-1.92349 -2.20164  1.5 
-1.92746 -2.21726  1.5 
-1.93146 -2.23289  1.5 
-1.93547 -2.24851  1.5 
-1.93948 -2.26413  1.5 
-1.94351 -2.27974  1.5 
-1.94753 -2.29536  1.5 
-1.95154 -2.31098  1.5 
-1.95554 -2.3266  1.5 
-1.95954 -2.34222  1.5 
-1.96353 -2.35785  1.5 
-1.96754 -2.37347  1.5 
-1.97155 -2.38909  1.5 
-1.97557 -2.4047  1.5 
-1.97961 -2.42032  1.5 
-1.98364 -2.43593  1.5 
-1.98767 -2.45155  1.5 
-1.99168 -2.46717  1.5 
-1.99566 -2.48279  1.5 
-1.99961 -2.49843  1.5 
-2.0035 -2.51408  1.5 
-2.00736 -2.52974  1.5 
-2.01118 -2.5454  1.5 
-2.01498 -2.56107  1.5 
-2.01877 -2.57675  1.5 
-2.02256 -2.59242  1.5 
-2.02635 -2.6081  1.5 
-2.03016 -2.62377  1.5 
-2.03398 -2.63944  1.5 
-2.0378 -2.6551  1.5 
-2.04163 -2.67077  1.5 
-2.04546 -2.68643  1.5 
-2.04929 -2.7021  1.5 
-2.05312 -2.71776  1.5 
-2.05694 -2.73343  1.5 
-2.06076 -2.7491  1.5 
-2.06458 -2.76476  1.5 
-2.0684 -2.78043  1.5 
-2.07222 -2.7961  1.5 
-2.07604 -2.81177  1.5 
-2.07986 -2.82743  1.5 
-2.08368 -2.8431  1.5 
-2.0875 -2.85877  1.5 
-2.09132 -2.87443  1.5 
-2.09514 -2.8901  1.5 
-2.09897 -2.90577  1.5 
-2.10277 -2.92144  1.5 
-2.10651 -2.93713  1.5 
-2.1102 -2.95282  1.5 
-2.11383 -2.96854  1.5 
-2.11741 -2.98426  1.5 
-2.12093 -3  1.5 

-1.47254 -0.670539  1.5 
-1.47782 -0.68578  1.5 
-1.48311 -0.701012  1.5 
-1.48843 -0.716238  1.5 
-1.49371 -0.731475  1.5 
-1.49891 -0.74674  1.5 
-1.50397 -0.762049  1.5 
-1.50892 -0.777396  1.5 
-1.51382 -0.792761  1.5 
-1.51872 -0.808125  1.5 
-1.52365 -0.82348  1.5 
-1.5286 -0.838829  1.5 
-1.53356 -0.854173  1.5 
-1.53853 -0.869515  1.5 
-1.5435 -0.884857  1.5 
-1.54845 -0.900202  1.5 
-1.5534 -0.915552  1.5 
-1.55833 -0.930904  1.5 
-1.56327 -0.946256  1.5 
-1.56821 -0.961607  1.5 
-1.57316 -0.976954  1.5 
-1.57814 -0.992294  1.5 
-1.58314 -1.00763  1.5 
-1.58815 -1.02295  1.5 
-1.59312 -1.0383  1.5 
-1.59802 -1.05366  1.5 
-1.60279 -1.06906  1.5 
-1.60747 -1.0845  1.5 
-1.6121 -1.09994  1.5 
-1.61675 -1.11538  1.5 
-1.62142 -1.13082  1.5 
-1.6261 -1.14625  1.5 
-1.63079 -1.16168  1.5 
-1.63548 -1.17711  1.5 
-1.64016 -1.19254  1.5 
-1.64484 -1.20797  1.5 
-1.6495 -1.22341  1.5 
-1.65415 -1.23885  1.5 
-1.65882 -1.25429  1.5 
-1.66349 -1.26972  1.5 
-1.66818 -1.28515  1.5 
-1.6729 -1.30057  1.5 
-1.67765 -1.31598  1.5 
-1.68241 -1.33139  1.5 
-1.68714 -1.34681  1.5 
-1.69182 -1.36224  1.5 
-1.69642 -1.3777  1.5 
-1.70091 -1.39319  1.5 
-1.70533 -1.40869  1.5 
-1.70976 -1.4242  1.5 
-1.71419 -1.43971  1.5 
-1.71862 -1.45521  1.5 
-1.72305 -1.47072  1.5 
-1.72749 -1.48622  1.5 
-1.73192 -1.50173  1.5 
-1.73636 -1.51723  1.5 
-1.74079 -1.53274  1.5 
-1.74523 -1.54824  1.5 
-1.74966 -1.56375  1.5 
-1.75408 -1.57925  1.5 
-1.75851 -1.59476  1.5 
-1.76293 -1.61027  1.5 
-1.76734 -1.62578  1.5 
-1.77176 -1.64129  1.5 
-1.77619 -1.6568  1.5 
-1.78062 -1.6723  1.5 
-1.78506 -1.6878  1.5 
-1.78952 -1.7033  1.5 
-1.79398 -1.7188  1.5 
-1.7984 -1.73431  1.5 
-1.80273 -1.74984  1.5 
-1.80696 -1.7654  1.5 
-1.81114 -1.78098  1.5 
-1.8153 -1.79656  1.5 
-1.81947 -1.81214  1.5 
-1.82366 -1.82771  1.5 
-1.82786 -1.84328  1.5 
-1.83208 -1.85884  1.5 
-1.8363 -1.87441  1.5 
-1.84052 -1.88997  1.5 
-1.84474 -1.90553  1.5 
-1.84896 -1.9211  1.5 
-1.85317 -1.93667  1.5 
-1.85738 -1.95223  1.5 
-1.86158 -1.9678  1.5 
-1.86578 -1.98337  1.5 
-1.86998 -1.99894  1.5 
-1.87419 -2.01451  1.5 
-1.87839 -2.03008  1.5 
-1.88259 -2.04565  1.5 
-1.8868 -2.06122  1.5 
-1.89101 -2.07678  1.5 
-1.89522 -2.09235  1.5 
-1.89944 -2.10791  1.5 
-1.90359 -2.1235  1.5 
-1.90765 -2.1391  1.5 
-1.91164 -2.15473  1.5 
-1.9156 -2.17036  1.5 
-1.91954 -2.186  1.5 

-0.847927  0.778167  1.5 
-0.856073  0.764249  1.5 
-0.864259  0.750356  1.5 
-0.872472  0.736479  1.5 
-0.880701  0.722612  1.5 
-0.888932  0.708745  1.5 
-0.897151  0.69487  1.5 
-0.905193  0.680896  1.5 
-0.912948  0.666762  1.5 
-0.920484  0.652507  1.5 
-0.927877  0.638172  1.5 
-0.935198  0.623796  1.5 
-0.942522  0.60942  1.5 
-0.949922  0.595085  1.5 
-0.957425  0.580805  1.5 
-0.964998  0.566563  1.5 
-0.972597  0.552338  1.5 
-0.980181  0.538106  1.5 
-0.98771  0.523848  1.5 
-0.99514  0.50954  1.5 
-1.00243  0.495162  1.5 
-1.00957  0.480706  1.5 
-1.01658  0.466187  1.5 
-1.0235  0.451618  1.5 
-1.03035  0.437017  1.5 
-1.03717  0.422399  1.5 
-1.04398  0.407779  1.5 
-1.05082  0.393173  1.5 
-1.0577  0.378587  1.5 
-1.06462  0.364018  1.5 
-1.07156  0.349462  1.5 
-1.07851  0.334914  1.5 
-1.08548  0.320371  1.5 
-1.09245  0.305828  1.5 
-1.0994  0.291276  1.5 
-1.10618  0.276646  1.5 
-1.11275  0.261924  1.5 
-1.11918  0.247133  1.5 
-1.1255  0.232295  1.5 
-1.13177  0.217434  1.5 
-1.13804  0.202572  1.5 
-1.14435  0.187729  1.5 
-1.15071  0.17291  1.5 
-1.15712  0.15811  1.5 
-1.16356  0.143326  1.5 
-1.17003  0.128556  1.5 
-1.17652  0.113795  1.5 
-1.18303  0.0990408  1.5 
-1.18954  0.0842831  1.5 
-1.19596  0.0694933  1.5 
-1.20224  0.0546388  1.5 
-1.20833  0.0397093  1.5 
-1.2143  0.0247267  1.5 
-1.22019  0.00971555  1.5 
-1.22608 -0.00529996  1.5 
-1.23199 -0.0203047  1.5 
-1.23793 -0.0352973  1.5 
-1.2439 -0.0502772  1.5 
-1.2499 -0.065244  1.5 
-1.25594 -0.0801974  1.5 
-1.26201 -0.0951368  1.5 
-1.26812 -0.110063  1.5 
-1.27425 -0.124984  1.5 
-1.28034 -0.139916  1.5 
-1.28637 -0.154872  1.5 
-1.2923 -0.169868  1.5 
-1.29809 -0.184919  1.5 
-1.30372 -0.200032  1.5 
-1.3093 -0.215159  1.5 
-1.3149 -0.230282  1.5 
-1.32051 -0.245402  1.5 
-1.32612 -0.260522  1.5 
-1.33173 -0.275642  1.5 
-1.33733 -0.290764  1.5 
-1.34292 -0.30589  1.5 
-1.3485 -0.32102  1.5 
-1.35407 -0.33615  1.5 
-1.35966 -0.351279  1.5 
-1.36525 -0.366403  1.5 
-1.37087 -0.38152  1.5 
-1.37651 -0.396627  1.5 
-1.38219 -0.411724  1.5 
-1.38785 -0.426822  1.5 
-1.39347 -0.441941  1.5 
-1.39897 -0.457099  1.5 
-1.40432 -0.472312  1.5 
-1.40955 -0.487564  1.5 
-1.41476 -0.502827  1.5 
-1.41998 -0.518084  1.5 
-1.42523 -0.533332  1.5 
-1.4305 -0.548575  1.5 
-1.43577 -0.563816  1.5 
-1.44104 -0.579055  1.5 
-1.44631 -0.594297  1.5 
-1.45156 -0.609542  1.5 
-1.45681 -0.624792  1.5 
-1.46205 -0.640043  1.5 
-1.46729 -0.655293  1.5 
-1.47254 -0.670539  1.5 

 0.384664  1.35195  1.5 
 0.371581  1.36135  1.5 
 0.358261  1.37046  1.5 
 0.344816  1.37941  1.5 
 0.331355  1.38836  1.5 
 0.31799  1.39742  1.5 
 0.304785  1.40669  1.5 
 0.291399  1.41566  1.5 
 0.277617  1.42401  1.5 
 0.263485  1.43179  1.5 
 0.249052  1.43905  1.5 
 0.234367  1.44585  1.5 
 0.219481  1.45224  1.5 
 0.204442  1.45828  1.5 
 0.189297  1.46402  1.5 
 0.17406  1.46945  1.5 
 0.158726  1.47454  1.5 
 0.143291  1.47925  1.5 
 0.127751  1.48354  1.5 
 0.112099  1.48738  1.5 
 0.096332  1.49073  1.5 
 0.080452  1.49357  1.5 
 0.0644765  1.49588  1.5 
 0.0484244  1.49769  1.5 
 0.032315  1.49897  1.5 
 0.0161673  1.49974  1.5 
 5.17439e-07  1.5  1.5 
-0.0161663  1.49974  1.5 
-0.0323139  1.49897  1.5 
-0.0484234  1.49769  1.5 
-0.0644754  1.49588  1.5 
-0.080451  1.49357  1.5 
-0.096331  1.49073  1.5 
-0.112098  1.48738  1.5 
-0.12775  1.48354  1.5 
-0.14329  1.47925  1.5 
-0.158725  1.47454  1.5 
-0.174059  1.46945  1.5 
-0.189296  1.46402  1.5 
-0.204441  1.45828  1.5 
-0.21948  1.45224  1.5 
-0.234367  1.44585  1.5 
-0.249051  1.43905  1.5 
-0.263484  1.43179  1.5 
-0.277616  1.42401  1.5 
-0.291398  1.41566  1.5 
-0.304785  1.40669  1.5 
-0.317989  1.39742  1.5 
-0.331354  1.38836  1.5 
-0.344815  1.37941  1.5 
-0.35826  1.37046  1.5 
-0.37158  1.36135  1.5 
-0.384663  1.35195  1.5 
-0.397398  1.34212  1.5 
-0.409701  1.33175  1.5 
-0.421679  1.32096  1.5 
-0.43353  1.31  1.5 
-0.445448  1.2991  1.5 
-0.457556  1.28841  1.5 
-0.469735  1.27781  1.5 
-0.481821  1.26713  1.5 
-0.49365  1.2562  1.5 
-0.505062  1.24485  1.5 
-0.516053  1.23307  1.5 
-0.526796  1.22104  1.5 
-0.537473  1.20893  1.5 
-0.548265  1.19691  1.5 
-0.559248  1.18508  1.5 
-0.570296  1.17331  1.5 
-0.581259  1.16148  1.5 
-0.591991  1.14946  1.5 
-0.602342  1.13713  1.5 
-0.612281  1.12444  1.5 
-0.622009  1.11157  1.5 
-0.63176  1.09871  1.5 
-0.641692  1.08598  1.5 
-0.651748  1.07336  1.5 
-0.661833  1.06076  1.5 
-0.671851  1.04811  1.5 
-0.681706  1.03535  1.5 
-0.6913  1.02241  1.5 
-0.70054  1.0092  1.5 
-0.709461  0.995769  1.5 
-0.718351  0.982313  1.5 
-0.727247  0.968863  1.5 
-0.736157  0.955423  1.5 
-0.745089  0.941998  1.5 
-0.754048  0.92859  1.5 
-0.763042  0.915205  1.5 
-0.772079  0.901846  1.5 
-0.781151  0.888508  1.5 
-0.790158  0.875129  1.5 
-0.798967  0.861625  1.5 
-0.807471  0.847931  1.5 
-0.815714  0.834072  1.5 
-0.82379  0.82011  1.5 
-0.831799  0.806105  1.5 
-0.839832  0.792116  1.5 
-0.847927  0.778167  1.5 

 1.2143  0.0247258  1.5 
 1.20833  0.0397083  1.5 
 1.20224  0.0546379  1.5 
 1.19596  0.0694924  1.5 
 1.18954  0.0842822  1.5 
 1.18303  0.0990398  1.5 
 1.17652  0.113794  1.5 
 1.17003  0.128555  1.5 
 1.16356  0.143326  1.5 
 1.15712  0.158109  1.5 
 1.15071  0.172909  1.5 
 1.14435  0.187728  1.5 
 1.13804  0.202571  1.5 
 1.13177  0.217433  1.5 
 1.1255  0.232294  1.5 
 1.11918  0.247132  1.5 
 1.11276  0.261923  1.5 
 1.10618  0.276645  1.5 
 1.0994  0.291275  1.5 
 1.09245  0.305827  1.5 
 1.08548  0.32037  1.5 
 1.07851  0.334913  1.5 
 1.07156  0.349461  1.5 
 1.06462  0.364017  1.5 
 1.0577  0.378586  1.5 
 1.05082  0.393172  1.5 
 1.04398  0.407778  1.5 
 1.03717  0.422398  1.5 
 1.03035  0.437016  1.5 
 1.0235  0.451617  1.5 
 1.01658  0.466186  1.5 
 1.00957  0.480706  1.5 
 1.00243  0.495161  1.5 
 0.99514  0.509539  1.5 
 0.98771  0.523847  1.5 
 0.980182  0.538105  1.5 
 0.972597  0.552337  1.5 
 0.964998  0.566562  1.5 
 0.957426  0.580804  1.5 
 0.949922  0.595084  1.5 
 0.942523  0.60942  1.5 
 0.935199  0.623795  1.5 
 0.927877  0.638171  1.5 
 0.920485  0.652506  1.5 
 0.912948  0.666761  1.5 
 0.905194  0.680895  1.5 
 0.897151  0.694869  1.5 
 0.888932  0.708744  1.5 
 0.880701  0.722611  1.5 
 0.872473  0.736479  1.5 
 0.86426  0.750355  1.5 
 0.856074  0.764248  1.5 
 0.847927  0.778166  1.5 
 0.839832  0.792115  1.5 
 0.831799  0.806104  1.5 
 0.823791  0.820109  1.5 
 0.815714  0.834071  1.5 
 0.807472  0.84793  1.5 
 0.798968  0.861624  1.5 
 0.790159  0.875128  1.5 
 0.781151  0.888507  1.5 
 0.77208  0.901845  1.5 
 0.763043  0.915204  1.5 
 0.754048  0.928589  1.5 
 0.745089  0.941997  1.5 
 0.736158  0.955422  1.5 
 0.727248  0.968862  1.5 
 0.718352  0.982312  1.5 
 0.709462  0.995768  1.5 
 0.70054  1.0092  1.5 
 0.691301  1.02241  1.5 
 0.681706  1.03535  1.5 
 0.671852  1.04811  1.5 
 0.661834  1.06076  1.5 
 0.651749  1.07336  1.5 
 0.641692  1.08598  1.5 
 0.63176  1.09871  1.5 
 0.62201  1.11157  1.5 
 0.612281  1.12444  1.5 
 0.602343  1.13713  1.5 
 0.591991  1.14946  1.5 
 0.58126  1.16148  1.5 
 0.570296  1.17331  1.5 
 0.559249  1.18507  1.5 
 0.548266  1.19691  1.5 
 0.537473  1.20893  1.5 
 0.526796  1.22104  1.5 
 0.516053  1.23307  1.5 
 0.505062  1.24485  1.5 
 0.49365  1.25619  1.5 
 0.481822  1.26713  1.5 
 0.469736  1.2778  1.5 
 0.457557  1.2884  1.5 
 0.445449  1.2991  1.5 
 0.43353  1.31  1.5 
 0.42168  1.32096  1.5 
 0.409702  1.33174  1.5 
 0.397399  1.34212  1.5 
 0.384664  1.35195  1.5 

 1.72305 -1.47072  1.5 
 1.71862 -1.45522  1.5 
 1.71419 -1.43971  1.5 
 1.70976 -1.4242  1.5 
 1.70533 -1.4087  1.5 
 1.70091 -1.39319  1.5 
 1.69642 -1.3777  1.5 
 1.69182 -1.36224  1.5 
 1.68714 -1.34681  1.5 
 1.68241 -1.3314  1.5 
 1.67765 -1.31599  1.5 
 1.6729 -1.30057  1.5 
 1.66818 -1.28515  1.5 
 1.66349 -1.26972  1.5 
 1.65882 -1.25429  1.5 
 1.65415 -1.23885  1.5 
 1.6495 -1.22341  1.5 
 1.64484 -1.20798  1.5 
 1.64016 -1.19254  1.5 
 1.63548 -1.17711  1.5 
 1.63079 -1.16168  1.5 
 1.6261 -1.14625  1.5 
 1.62142 -1.13082  1.5 
 1.61675 -1.11538  1.5 
 1.6121 -1.09994  1.5 
 1.60747 -1.0845  1.5 
 1.60279 -1.06906  1.5 
 1.59802 -1.05366  1.5 
 1.59312 -1.0383  1.5 
 1.58815 -1.02296  1.5 
 1.58314 -1.00763  1.5 
 1.57814 -0.992295  1.5 
 1.57316 -0.976955  1.5 
 1.56821 -0.961608  1.5 
 1.56327 -0.946257  1.5 
 1.55833 -0.930905  1.5 
 1.5534 -0.915553  1.5 
 1.54845 -0.900203  1.5 
 1.5435 -0.884858  1.5 
 1.53853 -0.869516  1.5 
 1.53356 -0.854174  1.5 
 1.5286 -0.83883  1.5 
 1.52365 -0.823481  1.5 
 1.51873 -0.808126  1.5 
 1.51382 -0.792762  1.5 
 1.50892 -0.777397  1.5 
 1.50397 -0.76205  1.5 
 1.49891 -0.746741  1.5 
 1.49371 -0.731475  1.5 
 1.48843 -0.716239  1.5 
 1.48311 -0.701013  1.5 
 1.47782 -0.685781  1.5 
 1.47254 -0.67054  1.5 
 1.46729 -0.655294  1.5 
 1.46205 -0.640044  1.5 
 1.45681 -0.624793  1.5 
 1.45156 -0.609543  1.5 
 1.44631 -0.594298  1.5 
 1.44104 -0.579056  1.5 
 1.43577 -0.563816  1.5 
 1.4305 -0.548576  1.5 
 1.42523 -0.533333  1.5 
 1.41999 -0.518085  1.5 
 1.41476 -0.502828  1.5 
 1.40955 -0.487565  1.5 
 1.40432 -0.472313  1.5 
 1.39897 -0.4571  1.5 
 1.39347 -0.441942  1.5 
 1.38786 -0.426823  1.5 
 1.38219 -0.411725  1.5 
 1.37651 -0.396628  1.5 
 1.37087 -0.381521  1.5 
 1.36525 -0.366404  1.5 
 1.35966 -0.35128  1.5 
 1.35408 -0.336151  1.5 
 1.3485 -0.321021  1.5 
 1.34292 -0.305891  1.5 
 1.33733 -0.290765  1.5 
 1.33173 -0.275643  1.5 
 1.32612 -0.260523  1.5 
 1.32051 -0.245403  1.5 
 1.31491 -0.230283  1.5 
 1.30931 -0.21516  1.5 
 1.30372 -0.200033  1.5 
 1.29809 -0.18492  1.5 
 1.2923 -0.169869  1.5 
 1.28637 -0.154873  1.5 
 1.28034 -0.139917  1.5 
 1.27425 -0.124985  1.5 
 1.26812 -0.110064  1.5 
 1.26201 -0.0951378  1.5 
 1.25594 -0.0801983  1.5 
 1.2499 -0.065245  1.5 
 1.2439 -0.0502781  1.5 
 1.23793 -0.0352982  1.5 
 1.23199 -0.0203057  1.5 
 1.22608 -0.00530092  1.5 
 1.22019  0.00971459  1.5 
 1.2143  0.0247258  1.5 

 2.12093 -3  1.5 
 2.11741 -2.98426  1.5 
 2.11383 -2.96854  1.5 
 2.1102 -2.95283  1.5 
 2.10651 -2.93713  1.5 
 2.10277 -2.92144  1.5 
 2.09897 -2.90577  1.5 
 2.09514 -2.8901  1.5 
 2.09132 -2.87444  1.5 
 2.0875 -2.85877  1.5 
 2.08368 -2.8431  1.5 
 2.07986 -2.82743  1.5 
 2.07604 -2.81177  1.5 
 2.07222 -2.7961  1.5 
 2.0684 -2.78043  1.5 
 2.06458 -2.76476  1.5 
 2.06076 -2.7491  1.5 
 2.05694 -2.73343  1.5 
 2.05312 -2.71776  1.5 
 2.04929 -2.7021  1.5 
 2.04546 -2.68643  1.5 
 2.04163 -2.67077  1.5 
 2.0378 -2.6551  1.5 
 2.03398 -2.63944  1.5 
 2.03016 -2.62377  1.5 
 2.02635 -2.6081  1.5 
 2.02256 -2.59243  1.5 
 2.01877 -2.57675  1.5 
 2.01498 -2.56108  1.5 
 2.01118 -2.5454  1.5 
 2.00736 -2.52974  1.5 
 2.0035 -2.51408  1.5 
 1.99961 -2.49843  1.5 
 1.99566 -2.48279  1.5 
 1.99168 -2.46717  1.5 
 1.98767 -2.45155  1.5 
 1.98364 -2.43593  1.5 
 1.97961 -2.42032  1.5 
 1.97557 -2.4047  1.5 
 1.97155 -2.38909  1.5 
 1.96754 -2.37347  1.5 
 1.96354 -2.35785  1.5 
 1.95954 -2.34222  1.5 
 1.95554 -2.3266  1.5 
 1.95154 -2.31098  1.5 
 1.94753 -2.29536  1.5 
 1.94351 -2.27974  1.5 
 1.93949 -2.26413  1.5 
 1.93547 -2.24851  1.5 
 1.93146 -2.23289  1.5 
 1.92746 -2.21727  1.5 
 1.92349 -2.20164  1.5 
 1.91954 -2.186  1.5 
 1.9156 -2.17036  1.5 
 1.91165 -2.15473  1.5 
 1.90765 -2.13911  1.5 
 1.90359 -2.1235  1.5 
 1.89944 -2.10792  1.5 
 1.89522 -2.09235  1.5 
 1.89101 -2.07678  1.5 
 1.8868 -2.06122  1.5 
 1.88259 -2.04565  1.5 
 1.87839 -2.03008  1.5 
 1.87419 -2.01451  1.5 
 1.86998 -1.99894  1.5 
 1.86578 -1.98337  1.5 
 1.86158 -1.9678  1.5 
 1.85738 -1.95224  1.5 
 1.85317 -1.93667  1.5 
 1.84896 -1.9211  1.5 
 1.84474 -1.90554  1.5 
 1.84052 -1.88997  1.5 
 1.8363 -1.87441  1.5 
 1.83208 -1.85884  1.5 
 1.82786 -1.84328  1.5 
 1.82366 -1.82771  1.5 
 1.81947 -1.81214  1.5 
 1.8153 -1.79656  1.5 
 1.81114 -1.78098  1.5 
 1.80696 -1.7654  1.5 
 1.80273 -1.74984  1.5 
 1.7984 -1.73431  1.5 
 1.79398 -1.7188  1.5 
 1.78952 -1.7033  1.5 
 1.78506 -1.6878  1.5 
 1.78062 -1.6723  1.5 
 1.77619 -1.6568  1.5 
 1.77176 -1.64129  1.5 
 1.76734 -1.62578  1.5 
 1.76293 -1.61027  1.5 
 1.75851 -1.59476  1.5 
 1.75408 -1.57925  1.5 
 1.74966 -1.56375  1.5 
 1.74523 -1.54824  1.5 
 1.74079 -1.53274  1.5 
 1.73636 -1.51723  1.5 
 1.73192 -1.50173  1.5 
 1.72749 -1.48622  1.5 
 1.72305 -1.47072  1.5 


# Contour 3, label:        1
-1.61531 -1.6106  1 
-1.61994 -1.62593  1 
-1.62459 -1.64126  1 
-1.62925 -1.65659  1 
-1.6339 -1.67192  1 
-1.63856 -1.68725  1 
-1.64321 -1.70258  1 
-1.64784 -1.71792  1 
-1.65247 -1.73326  1 
-1.65709 -1.74859  1 
-1.66173 -1.76393  1 
-1.66639 -1.77926  1 
-1.67106 -1.79458  1 
-1.67577 -1.80989  1 
-1.6805 -1.8252  1 
-1.68521 -1.84052  1 
-1.68988 -1.85584  1 
-1.69449 -1.87118  1 
-1.69901 -1.88655  1 
-1.70341 -1.90196  1 
-1.70781 -1.91736  1 
-1.7122 -1.93277  1 
-1.7166 -1.94817  1 
-1.72101 -1.96358  1 
-1.72541 -1.97898  1 
-1.72982 -1.99438  1 
-1.73423 -2.00978  1 
-1.73863 -2.02519  1 
-1.74304 -2.04059  1 
-1.74744 -2.05599  1 
-1.75184 -2.0714  1 
-1.75624 -2.0868  1 
-1.76063 -2.10221  1 
-1.76502 -2.11762  1 
-1.76941 -2.13303  1 
-1.7738 -2.14843  1 
-1.7782 -2.16384  1 
-1.78261 -2.17924  1 
-1.78703 -2.19464  1 
-1.79146 -2.21003  1 
-1.79588 -2.22543  1 
-1.80024 -2.24085  1 
-1.80449 -2.25629  1 
-1.80867 -2.27176  1 
-1.81281 -2.28724  1 
-1.81694 -2.30272  1 
-1.82109 -2.31819  1 
-1.82526 -2.33366  1 
-1.82944 -2.34912  1 
-1.83363 -2.36459  1 
-1.83783 -2.38005  1 
-1.84203 -2.39551  1 
-1.84622 -2.41097  1 
-1.8504 -2.42644  1 
-1.85458 -2.4419  1 
-1.85876 -2.45737  1 
-1.86294 -2.47283  1 
-1.86711 -2.4883  1 
-1.87129 -2.50377  1 
-1.87546 -2.51924  1 
-1.87964 -2.5347  1 
-1.88382 -2.55017  1 
-1.888 -2.56563  1 
-1.89218 -2.5811  1 
-1.89637 -2.59656  1 
-1.90054 -2.61203  1 
-1.90464 -2.62752  1 
-1.90866 -2.64303  1 
-1.91262 -2.65855  1 
-1.91654 -2.67408  1 
-1.92046 -2.68962  1 
-1.92438 -2.70515  1 
-1.92833 -2.72068  1 
-1.9323 -2.7362  1 
-1.93628 -2.75172  1 
-1.94028 -2.76723  1 
-1.94427 -2.78274  1 
-1.94827 -2.79826  1 
-1.95226 -2.81377  1 
-1.95624 -2.82929  1 
-1.96022 -2.84481  1 
-1.9642 -2.86033  1 
-1.96817 -2.87585  1 
-1.97215 -2.89137  1 
-1.97612 -2.90689  1 
-1.9801 -2.92241  1 
-1.98408 -2.93793  1 
-1.98806 -2.95345  1 
-1.99204 -2.96896  1 
-1.99602 -2.98448  1 
-2 -3  1 

-1.06692 -0.140814  1 
-1.07382 -0.155272  1 
-1.08073 -0.169722  1 
-1.08766 -0.18417  1 
-1.09458 -0.198618  1 
-1.10145 -0.213089  1 
-1.10812 -0.227653  1 
-1.11461 -0.2423  1 
-1.12096 -0.25701  1 
-1.12722 -0.271759  1 
-1.13344 -0.286526  1 
-1.13968 -0.301287  1 
-1.14596 -0.316026  1 
-1.15229 -0.330743  1 
-1.15866 -0.345442  1 
-1.16507 -0.360125  1 
-1.1715 -0.374796  1 
-1.17796 -0.389459  1 
-1.18443 -0.404116  1 
-1.19088 -0.418781  1 
-1.19724 -0.433484  1 
-1.20343 -0.448257  1 
-1.20946 -0.4631  1 
-1.21537 -0.477992  1 
-1.22122 -0.492907  1 
-1.22707 -0.507823  1 
-1.23295 -0.522728  1 
-1.23885 -0.53762  1 
-1.24479 -0.5525  1 
-1.25076 -0.567367  1 
-1.25676 -0.58222  1 
-1.2628 -0.59706  1 
-1.26887 -0.611887  1 
-1.27495 -0.626711  1 
-1.281 -0.641547  1 
-1.28699 -0.656409  1 
-1.29287 -0.671311  1 
-1.2986 -0.686269  1 
-1.30418 -0.701287  1 
-1.30973 -0.716314  1 
-1.3153 -0.731338  1 
-1.32087 -0.746359  1 
-1.32644 -0.76138  1 
-1.33201 -0.776401  1 
-1.33757 -0.791424  1 
-1.34312 -0.806452  1 
-1.34867 -0.821482  1 
-1.35421 -0.836513  1 
-1.35976 -0.851543  1 
-1.36532 -0.866568  1 
-1.37089 -0.881586  1 
-1.3765 -0.896594  1 
-1.38214 -0.911592  1 
-1.38777 -0.926591  1 
-1.39334 -0.94161  1 
-1.39881 -0.956668  1 
-1.40413 -0.971779  1 
-1.40934 -0.98693  1 
-1.41451 -1.00209  1 
-1.4197 -1.01725  1 
-1.42491 -1.0324  1 
-1.43014 -1.04754  1 
-1.43538 -1.06268  1 
-1.44062 -1.07782  1 
-1.44585 -1.09297  1 
-1.45107 -1.10811  1 
-1.45628 -1.12326  1 
-1.46149 -1.13841  1 
-1.46669 -1.15356  1 
-1.47191 -1.16871  1 
-1.47715 -1.18385  1 
-1.4824 -1.19898  1 
-1.48768 -1.21411  1 
-1.49294 -1.22924  1 
-1.49812 -1.2444  1 
-1.50317 -1.25961  1 
-1.50811 -1.27485  1 
-1.51298 -1.29011  1 
-1.51785 -1.30537  1 
-1.52274 -1.32063  1 
-1.52765 -1.33588  1 
-1.53258 -1.35112  1 
-1.53751 -1.36637  1 
-1.54244 -1.38161  1 
-1.54737 -1.39685  1 
-1.55229 -1.4121  1 
-1.55719 -1.42735  1 
-1.56209 -1.4426  1 
-1.567 -1.45785  1 
-1.57192 -1.4731  1 
-1.57685 -1.48834  1 
-1.58181 -1.50358  1 
-1.58679 -1.5188  1 
-1.59175 -1.53404  1 
-1.59664 -1.54929  1 
-1.60142 -1.56458  1 
-1.60609 -1.57991  1 
-1.6107 -1.59525  1 
-1.61531 -1.6106  1 

-0.0640558  0.995938  1 
-0.0799292  0.993651  1 
-0.095709  0.990853  1 
-0.111378  0.987547  1 
-0.126932  0.983756  1 
-0.142377  0.979516  1 
-0.157717  0.974863  1 
-0.172957  0.969833  1 
-0.188102  0.964461  1 
-0.203155  0.958784  1 
-0.218106  0.95281  1 
-0.232912  0.946495  1 
-0.247523  0.939783  1 
-0.261891  0.932621  1 
-0.275967  0.924956  1 
-0.289703  0.916733  1 
-0.303052  0.907901  1 
-0.316164  0.898689  1 
-0.32942  0.889652  1 
-0.342785  0.880759  1 
-0.356152  0.871873  1 
-0.369412  0.862859  1 
-0.382456  0.853578  1 
-0.395176  0.843894  1 
-0.407475  0.833685  1 
-0.41942  0.82303  1 
-0.431202  0.812155  1 
-0.443013  0.801294  1 
-0.455007  0.790633  1 
-0.467105  0.780098  1 
-0.479146  0.76952  1 
-0.490969  0.758732  1 
-0.502414  0.747567  1 
-0.513419  0.735957  1 
-0.524135  0.724049  1 
-0.534741  0.712019  1 
-0.545417  0.700042  1 
-0.556286  0.688243  1 
-0.567258  0.676545  1 
-0.578188  0.664824  1 
-0.58893  0.652952  1 
-0.599339  0.640802  1 
-0.609319  0.628291  1 
-0.619023  0.615542  1 
-0.628678  0.602741  1 
-0.638486  0.590054  1 
-0.648447  0.577486  1 
-0.658467  0.564968  1 
-0.668452  0.552429  1 
-0.678309  0.539801  1 
-0.687942  0.527012  1 
-0.697258  0.513995  1 
-0.706201  0.500705  1 
-0.715032  0.487336  1 
-0.723866  0.473972  1 
-0.732712  0.460616  1 
-0.741576  0.447272  1 
-0.750464  0.433945  1 
-0.759385  0.420638  1 
-0.768344  0.407355  1 
-0.777348  0.3941  1 
-0.786339  0.380836  1 
-0.795192  0.367484  1 
-0.803777  0.353965  1 
-0.812069  0.340261  1 
-0.820154  0.326429  1 
-0.828129  0.312528  1 
-0.836088  0.298617  1 
-0.844102  0.284741  1 
-0.852172  0.2709  1 
-0.860287  0.257088  1 
-0.868435  0.243295  1 
-0.876603  0.229515  1 
-0.884781  0.21574  1 
-0.892955  0.201961  1 
-0.90107  0.188149  1 
-0.908916  0.174186  1 
-0.916508  0.160083  1 
-0.92392  0.14588  1 
-0.931222  0.131615  1 
-0.938488  0.117328  1 
-0.945788  0.103059  1 
-0.953187  0.0888431  1 
-0.960677  0.0746761  1 
-0.968216  0.0605371  1 
-0.975764  0.0464049  1 
-0.983281  0.0322582  1 
-0.990725  0.0180758  1 
-0.998056  0.00383647  1 
-1.00524 -0.0104787  1 
-1.01228 -0.0248664  1 
-1.0192 -0.0393114  1 
-1.02605 -0.0537983  1 
-1.03284 -0.0683119  1 
-1.03961 -0.0828367  1 
-1.04638 -0.0973575  1 
-1.05319 -0.111861  1 
-1.06004 -0.126345  1 
-1.06692 -0.140814  1 

 1.01228 -0.0248672  1 
 1.00524 -0.0104795  1 
 0.998056  0.00383564  1 
 0.990725  0.018075  1 
 0.983281  0.0322574  1 
 0.975764  0.0464041  1 
 0.968216  0.0605363  1 
 0.960677  0.0746753  1 
 0.953188  0.0888423  1 
 0.945789  0.103058  1 
 0.938488  0.117327  1 
 0.931223  0.131614  1 
 0.92392  0.145879  1 
 0.916509  0.160082  1 
 0.908916  0.174185  1 
 0.901071  0.188148  1 
 0.892956  0.201961  1 
 0.884781  0.215739  1 
 0.876604  0.229514  1 
 0.868435  0.243294  1 
 0.860288  0.257087  1 
 0.852173  0.2709  1 
 0.844102  0.28474  1 
 0.836088  0.298616  1 
 0.82813  0.312527  1 
 0.820155  0.326429  1 
 0.812069  0.340261  1 
 0.803778  0.353964  1 
 0.795192  0.367483  1 
 0.78634  0.380835  1 
 0.777349  0.394099  1 
 0.768345  0.407355  1 
 0.759385  0.420637  1 
 0.750465  0.433944  1 
 0.741576  0.447271  1 
 0.732712  0.460615  1 
 0.723867  0.473971  1 
 0.715032  0.487336  1 
 0.706201  0.500704  1 
 0.697259  0.513994  1 
 0.687943  0.527012  1 
 0.678309  0.5398  1 
 0.668453  0.552428  1 
 0.658467  0.564967  1 
 0.648447  0.577485  1 
 0.638486  0.590053  1 
 0.628678  0.60274  1 
 0.619023  0.615541  1 
 0.609319  0.62829  1 
 0.599339  0.640801  1 
 0.588931  0.652951  1 
 0.578189  0.664823  1 
 0.567259  0.676545  1 
 0.556287  0.688242  1 
 0.545417  0.700041  1 
 0.534742  0.712018  1 
 0.524136  0.724048  1 
 0.513419  0.735956  1 
 0.502414  0.747566  1 
 0.49097  0.758731  1 
 0.479147  0.769519  1 
 0.467105  0.780097  1 
 0.455008  0.790633  1 
 0.443014  0.801293  1 
 0.431202  0.812154  1 
 0.419421  0.823029  1 
 0.407476  0.833685  1 
 0.395177  0.843894  1 
 0.382457  0.853577  1 
 0.369413  0.862858  1 
 0.356153  0.871873  1 
 0.342786  0.880758  1 
 0.329421  0.889651  1 
 0.316165  0.898688  1 
 0.303053  0.907901  1 
 0.289704  0.916733  1 
 0.275968  0.924955  1 
 0.261892  0.932621  1 
 0.247524  0.939782  1 
 0.232913  0.946494  1 
 0.218107  0.95281  1 
 0.203156  0.958783  1 
 0.188103  0.964461  1 
 0.172958  0.969833  1 
 0.157718  0.974863  1 
 0.142378  0.979516  1 
 0.126933  0.983756  1 
 0.111379  0.987547  1 
 0.0957099  0.990853  1 
 0.0799302  0.99365  1 
 0.0640567  0.995938  1 
 0.0481083  0.997716  1 
 0.0321036  0.998985  1 
 0.0160614  0.999746  1 
 4.65858e-07  1  1 
-0.0160605  0.999746  1 
-0.0321026  0.998985  1 
-0.0481073  0.997716  1 
-0.0640558  0.995938  1 

 1.57685 -1.48834  1 
 1.57192 -1.4731  1 
 1.567 -1.45785  1 
 1.56209 -1.4426  1 
 1.55719 -1.42735  1 
 1.55229 -1.4121  1 
 1.54737 -1.39685  1 
 1.54244 -1.38161  1 
 1.53751 -1.36637  1 
 1.53258 -1.35112  1 
 1.52765 -1.33588  1 
 1.52274 -1.32063  1 
 1.51785 -1.30538  1 
 1.51298 -1.29011  1 
 1.50811 -1.27485  1 
 1.50317 -1.25961  1 
 1.49812 -1.2444  1 
 1.49294 -1.22924  1 
 1.48768 -1.21411  1 
 1.4824 -1.19898  1 
 1.47715 -1.18385  1 
 1.47191 -1.16871  1 
 1.4667 -1.15356  1 
 1.46149 -1.13841  1 
 1.45628 -1.12326  1 
 1.45107 -1.10811  1 
 1.44585 -1.09297  1 
 1.44062 -1.07782  1 
 1.43538 -1.06268  1 
 1.43014 -1.04754  1 
 1.42491 -1.0324  1 
 1.4197 -1.01725  1 
 1.41451 -1.00209  1 
 1.40934 -0.986931  1 
 1.40413 -0.97178  1 
 1.39881 -0.956669  1 
 1.39334 -0.941611  1 
 1.38777 -0.926592  1 
 1.38214 -0.911593  1 
 1.3765 -0.896595  1 
 1.37089 -0.881587  1 
 1.36532 -0.866569  1 
 1.35976 -0.851544  1 
 1.35421 -0.836514  1 
 1.34867 -0.821483  1 
 1.34312 -0.806452  1 
 1.33757 -0.791425  1 
 1.33201 -0.776402  1 
 1.32644 -0.761381  1 
 1.32087 -0.74636  1 
 1.3153 -0.731339  1 
 1.30973 -0.716315  1 
 1.30418 -0.701288  1 
 1.2986 -0.68627  1 
 1.29287 -0.671312  1 
 1.28699 -0.65641  1 
 1.281 -0.641548  1 
 1.27495 -0.626712  1 
 1.26887 -0.611888  1 
 1.2628 -0.597061  1 
 1.25676 -0.582221  1 
 1.25076 -0.567368  1 
 1.24479 -0.552501  1 
 1.23885 -0.537621  1 
 1.23295 -0.522729  1 
 1.22707 -0.507824  1 
 1.22122 -0.492908  1 
 1.21537 -0.477993  1 
 1.20946 -0.463101  1 
 1.20344 -0.448258  1 
 1.19724 -0.433485  1 
 1.19088 -0.418782  1 
 1.18443 -0.404117  1 
 1.17796 -0.389459  1 
 1.1715 -0.374797  1 
 1.16507 -0.360126  1 
 1.15866 -0.345443  1 
 1.15229 -0.330744  1 
 1.14596 -0.316027  1 
 1.13968 -0.301288  1 
 1.13344 -0.286527  1 
 1.12722 -0.27176  1 
 1.12096 -0.257011  1 
 1.11461 -0.242301  1 
 1.10812 -0.227653  1 
 1.10145 -0.21309  1 
 1.09458 -0.198619  1 
 1.08766 -0.184171  1 
 1.08073 -0.169723  1 
 1.07382 -0.155272  1 
 1.06692 -0.140815  1 
 1.06004 -0.126346  1 
 1.05319 -0.111861  1 
 1.04638 -0.0973583  1 
 1.03961 -0.0828376  1 
 1.03284 -0.0683127  1 
 1.02605 -0.0537992  1 
 1.0192 -0.0393122  1 
 1.01228 -0.0248672  1 

 2 -3  1 
 1.99602 -2.98448  1 
 1.99204 -2.96896  1 
 1.98806 -2.95345  1 
 1.98408 -2.93793  1 
 1.9801 -2.92241  1 
 1.97612 -2.90689  1 
 1.97215 -2.89137  1 
 1.96818 -2.87585  1 
 1.9642 -2.86033  1 
 1.96022 -2.84481  1 
 1.95624 -2.82929  1 
 1.95226 -2.81377  1 
 1.94827 -2.79826  1 
 1.94427 -2.78274  1 
 1.94028 -2.76723  1 
 1.93628 -2.75172  1 
 1.9323 -2.7362  1 
 1.92833 -2.72068  1 
 1.92438 -2.70515  1 
 1.92046 -2.68962  1 
 1.91654 -2.67408  1 
 1.91262 -2.65855  1 
 1.90866 -2.64303  1 
 1.90464 -2.62752  1 
 1.90054 -2.61203  1 
 1.89637 -2.59656  1 
 1.89218 -2.5811  1 
 1.888 -2.56563  1 
 1.88382 -2.55017  1 
 1.87964 -2.5347  1 
 1.87546 -2.51924  1 
 1.87129 -2.50377  1 
 1.86711 -2.4883  1 
 1.86294 -2.47283  1 
 1.85876 -2.45737  1 
 1.85458 -2.4419  1 
 1.8504 -2.42644  1 
 1.84622 -2.41097  1 
 1.84203 -2.39551  1 
 1.83783 -2.38005  1 
 1.83364 -2.36459  1 
 1.82944 -2.34912  1 
 1.82526 -2.33366  1 
 1.82109 -2.31819  1 
 1.81694 -2.30272  1 
 1.81281 -2.28724  1 
 1.80867 -2.27176  1 
 1.80449 -2.25629  1 
 1.80024 -2.24085  1 
 1.79588 -2.22543  1 
 1.79146 -2.21003  1 
 1.78703 -2.19464  1 
 1.78261 -2.17924  1 
 1.7782 -2.16384  1 
 1.7738 -2.14843  1 
 1.76941 -2.13303  1 
 1.76502 -2.11762  1 
 1.76063 -2.10221  1 
 1.75624 -2.0868  1 
 1.75184 -2.0714  1 
 1.74744 -2.05599  1 
 1.74304 -2.04059  1 
 1.73863 -2.02519  1 
 1.73423 -2.00978  1 
 1.72982 -1.99438  1 
 1.72541 -1.97898  1 
 1.72101 -1.96358  1 
 1.7166 -1.94817  1 
 1.7122 -1.93277  1 
 1.70781 -1.91736  1 
 1.70341 -1.90196  1 
 1.69901 -1.88655  1 
 1.69449 -1.87118  1 
 1.68989 -1.85584  1 
 1.68521 -1.84052  1 
 1.6805 -1.8252  1 
 1.67577 -1.80989  1 
 1.67106 -1.79458  1 
 1.66639 -1.77926  1 
 1.66173 -1.76393  1 
 1.65709 -1.74859  1 
 1.65247 -1.73326  1 
 1.64784 -1.71792  1 
 1.64321 -1.70258  1 
 1.63856 -1.68725  1 
 1.63391 -1.67192  1 
 1.62925 -1.65659  1 
 1.62459 -1.64126  1 
 1.61994 -1.62593  1 
 1.61531 -1.6106  1 
 1.6107 -1.59525  1 
 1.60609 -1.57991  1 
 1.60142 -1.56459  1 
 1.59664 -1.5493  1 
 1.59175 -1.53404  1 
 1.58679 -1.5188  1 
 1.58181 -1.50358  1 
 1.57685 -1.48834  1 

